image_width: 659
image_height: 494
camera_name: cam0
camera_matrix:
  rows: 3
  cols: 3
  data: [300.147871807, 0.0, 332.276831209, 0.0, 300.374011497, 255.640781485, 0.0, 0.0, 1.0]
distortion_model: equidistant
distortion_coefficients:
  rows: 1
  cols: 4
  data: [-0.0319935646891, -0.0357297974295, 0.0387827673385, -0.0135539867855]

