acc_noise_density: 0.00025217
acc_bias_random_walk_noise_density: 0.000147
gyro_noise_density: 9.5813e-06
gyro_bias_random_walk_noise_density: 0.000108400035241
