cam0:
  T_cam_imu:
  - [-0.9999017525730849, -0.011697609305949094, -0.007723414905149678, -0.009611901093452231]
  - [-0.007609852559040502, -0.009721760922750811, 0.9999237858499962, 0.01761611736565106]
  - [-0.011771802975813848, 0.9998843199596065, 0.009631788702643562, -0.014663333885535998]
  - [0.0, 0.0, 0.0, 1.0]
  cam_overlaps: []
  camera_model: pinhole
  distortion_coeffs: [-0.034695697328039746, -0.0257585371129136, 0.025759547908685492,
    -0.007564490997120292]
  distortion_model: equidistant
  intrinsics: [299.97820042261236, 300.1594894651094, 332.2986792295591, 255.7740825036964]
  resolution: [659, 494]
  rostopic: /vio_hardware/image_timestamp_corrected
  timeshift_cam_imu: 0.002635325919090298
