cam0:
  T_cam_imu:
  - [-0.9999308150239028, -0.009058363344091314, -0.007504080167410084, 0.0002203748288349531]
  - [-0.007338041867709207, -0.01822596705175454, 0.9998069650020324, -1.0264495812760508e-05]
  - [-0.009193383880826541, 0.9997928586355044, 0.01815823543918789, 2.923489601061272e-05]
  - [0.0, 0.0, 0.0, 1.0]
  cam_overlaps: []
  camera_model: pinhole
  distortion_coeffs: [-0.04210595252028014, -0.003160205204601509, -0.004043046853633767,
    0.00606445867739579]
  distortion_model: equidistant
  intrinsics: [300.26727670860583, 300.5359947225621, 334.3499337779835, 255.0070711537088]
  resolution: [659, 494]
  rostopic: /vio_hardware/image_timestamp_corrected
  timeshift_cam_imu: -0.025003240533481404
